"arc SWCNT 0.2 mgmL 1 wt% DOC tip 20h 10krpm 13h - RawData"
"≤®≥§(nm)","őŁ ’÷Ķ"
190.00,-0.789
190.50,-0.770
191.00,-0.784
191.50,6.000
192.00,0.902
192.50,0.259
193.00,0.076
193.50,0.229
194.00,0.662
194.50,1.638
195.00,0.958
195.50,0.625
196.00,0.833
196.50,6.000
197.00,6.000
197.50,6.000
198.00,6.000
198.50,6.000
199.00,6.000
199.50,6.000
200.00,6.000
200.50,1.455
201.00,1.494
201.50,1.811
202.00,6.000
202.50,6.000
203.00,6.000
203.50,6.000
204.00,6.000
204.50,6.000
205.00,6.000
205.50,6.000
206.00,6.000
206.50,6.000
207.00,6.000
207.50,6.000
208.00,6.000
208.50,3.724
209.00,6.000
209.50,6.000
210.00,6.000
210.50,6.000
211.00,6.000
211.50,6.000
212.00,6.000
212.50,5.768
213.00,5.323
213.50,5.138
214.00,4.933
214.50,5.051
215.00,6.000
215.50,6.000
216.00,5.317
216.50,4.966
217.00,5.041
217.50,4.794
218.00,4.865
218.50,4.753
219.00,4.782
219.50,4.832
220.00,5.029
220.50,4.815
221.00,4.668
221.50,4.629
222.00,4.711
222.50,4.911
223.00,4.860
223.50,4.928
224.00,4.750
224.50,4.706
225.00,4.584
225.50,4.549
226.00,4.516
226.50,4.483
227.00,4.473
227.50,4.525
228.00,4.600
228.50,4.615
229.00,4.491
229.50,4.440
230.00,4.420
230.50,4.390
231.00,4.385
231.50,4.389
232.00,4.448
232.50,4.447
233.00,4.461
233.50,4.474
234.00,4.532
234.50,4.509
235.00,4.510
235.50,4.465
236.00,4.434
236.50,4.389
237.00,4.358
237.50,4.364
238.00,4.367
238.50,4.394
239.00,4.418
239.50,4.431
240.00,4.474
240.50,4.441
241.00,4.440
241.50,4.366
242.00,4.370
242.50,4.360
243.00,4.358
243.50,4.350
244.00,4.353
244.50,4.352
245.00,4.319
245.50,4.290
246.00,4.244
246.50,4.239
247.00,4.221
247.50,4.250
248.00,4.240
248.50,4.212
249.00,4.183
249.50,4.169
250.00,4.166
250.50,4.141
251.00,4.111
251.50,4.078
252.00,4.068
252.50,4.054
253.00,4.037
253.50,4.010
254.00,3.994
254.50,3.981
255.00,3.969
255.50,3.956
256.00,3.945
256.50,3.914
257.00,3.888
257.50,3.868
258.00,3.873
258.50,3.867
259.00,3.860
259.50,3.849
260.00,3.850
260.50,3.838
261.00,3.825
261.50,3.810
262.00,3.801
262.50,3.782
263.00,3.771
263.50,3.760
264.00,3.763
264.50,3.755
265.00,3.746
265.50,3.733
266.00,3.714
266.50,3.701
267.00,3.684
267.50,3.672
268.00,3.672
268.50,3.668
269.00,3.670
269.50,3.650
270.00,3.647
270.50,3.635
271.00,3.628
271.50,3.607
272.00,3.597
272.50,3.594
273.00,3.593
273.50,3.578
274.00,3.565
274.50,3.545
275.00,3.530
275.50,3.514
276.00,3.504
276.50,3.495
277.00,3.483
277.50,3.470
278.00,3.456
278.50,3.437
279.00,3.418
279.50,3.402
280.00,3.392
280.50,3.380
281.00,3.365
281.50,3.347
282.00,3.327
282.50,3.309
283.00,3.289
283.50,3.271
284.00,3.253
284.50,3.237
285.00,3.219
285.50,3.199
286.00,3.182
286.50,3.166
287.00,3.150
287.50,3.132
288.00,3.114
288.50,3.097
289.00,3.077
289.50,3.060
290.00,3.042
290.50,3.022
291.00,3.002
291.50,2.983
292.00,2.966
292.50,2.948
293.00,2.930
293.50,2.911
294.00,2.892
294.50,2.874
295.00,2.857
295.50,2.840
296.00,2.821
296.50,2.803
297.00,2.787
297.50,2.771
298.00,2.755
298.50,2.738
299.00,2.720
299.50,2.700
300.00,2.678
300.50,2.663
301.00,2.647
301.50,2.632
302.00,2.612
302.50,2.599
303.00,2.590
303.50,2.576
304.00,2.559
304.50,2.540
305.00,2.528
305.50,2.509
306.00,2.491
306.50,2.471
307.00,2.456
307.50,2.439
308.00,2.428
308.50,2.415
309.00,2.403
309.50,2.384
310.00,2.374
310.50,2.360
311.00,2.350
311.50,2.336
312.00,2.323
312.50,2.312
313.00,2.297
313.50,2.285
314.00,2.273
314.50,2.260
315.00,2.250
315.50,2.237
316.00,2.225
316.50,2.209
317.00,2.192
317.50,2.179
318.00,2.170
318.50,2.162
319.00,2.152
319.50,2.140
320.00,2.129
320.50,2.120
321.00,2.108
321.50,2.099
322.00,2.086
322.50,2.077
323.00,2.067
323.50,2.060
324.00,2.052
324.50,2.045
325.00,2.035
325.50,2.029
326.00,2.020
326.50,2.014
327.00,2.004
327.50,1.997
328.00,1.989
328.50,1.980
329.00,1.973
329.50,1.966
330.00,1.959
330.50,1.951
331.00,1.944
331.50,1.939
332.00,1.931
332.50,1.920
333.00,1.911
333.50,1.903
334.00,1.897
334.50,1.889
335.00,1.880
335.50,1.870
336.00,1.861
336.50,1.854
337.00,1.848
337.50,1.840
338.00,1.832
338.50,1.827
339.00,1.821
339.50,1.816
340.00,1.807
340.50,1.801
341.00,1.794
341.50,1.787
342.00,1.782
342.50,1.777
343.00,1.773
343.50,1.768
344.00,1.763
344.50,1.757
345.00,1.752
345.50,1.746
346.00,1.740
346.50,1.734
347.00,1.729
347.50,1.725
348.00,1.719
348.50,1.713
349.00,1.706
349.50,1.700
350.00,1.694
350.50,1.687
351.00,1.681
351.50,1.673
352.00,1.665
352.50,1.657
353.00,1.650
353.50,1.642
354.00,1.635
354.50,1.628
355.00,1.623
355.50,1.616
356.00,1.608
356.50,1.601
357.00,1.594
357.50,1.591
358.00,1.586
358.50,1.580
359.00,1.574
359.50,1.570
360.00,1.567
360.50,1.564
361.00,1.562
361.50,1.558
362.00,1.555
362.50,1.552
363.00,1.548
363.50,1.545
364.00,1.541
364.50,1.538
365.00,1.534
365.50,1.531
366.00,1.527
366.50,1.523
367.00,1.518
367.50,1.514
368.00,1.509
368.50,1.505
369.00,1.500
369.50,1.495
370.00,1.490
370.50,1.485
371.00,1.480
371.50,1.475
372.00,1.470
372.50,1.465
373.00,1.460
373.50,1.455
374.00,1.450
374.50,1.446
375.00,1.441
375.50,1.437
376.00,1.432
376.50,1.428
377.00,1.423
377.50,1.419
378.00,1.415
378.50,1.410
379.00,1.406
379.50,1.402
380.00,1.397
380.50,1.393
381.00,1.389
381.50,1.385
382.00,1.381
382.50,1.377
383.00,1.373
383.50,1.369
384.00,1.365
384.50,1.362
385.00,1.358
385.50,1.354
386.00,1.351
386.50,1.348
387.00,1.345
387.50,1.342
388.00,1.339
388.50,1.336
389.00,1.333
389.50,1.330
390.00,1.327
390.50,1.325
391.00,1.323
391.50,1.321
392.00,1.319
392.50,1.317
393.00,1.315
393.50,1.313
394.00,1.312
394.50,1.310
395.00,1.308
395.50,1.305
396.00,1.303
396.50,1.300
397.00,1.297
397.50,1.294
398.00,1.291
398.50,1.287
399.00,1.283
399.50,1.280
400.00,1.276
400.50,1.272
401.00,1.268
401.50,1.264
402.00,1.260
402.50,1.257
403.00,1.253
403.50,1.250
404.00,1.246
404.50,1.243
405.00,1.240
405.50,1.237
406.00,1.234
406.50,1.231
407.00,1.229
407.50,1.227
408.00,1.225
408.50,1.223
409.00,1.221
409.50,1.219
410.00,1.217
410.50,1.216
411.00,1.214
411.50,1.213
412.00,1.211
412.50,1.210
413.00,1.208
413.50,1.206
414.00,1.205
414.50,1.203
415.00,1.201
415.50,1.200
416.00,1.198
416.50,1.196
417.00,1.193
417.50,1.191
418.00,1.189
418.50,1.186
419.00,1.184
419.50,1.181
420.00,1.178
420.50,1.175
421.00,1.172
421.50,1.169
422.00,1.165
422.50,1.163
423.00,1.160
423.50,1.157
424.00,1.155
424.50,1.152
425.00,1.150
425.50,1.148
426.00,1.146
426.50,1.145
427.00,1.143
427.50,1.142
428.00,1.141
428.50,1.140
429.00,1.139
429.50,1.138
430.00,1.137
430.50,1.137
431.00,1.136
431.50,1.135
432.00,1.134
432.50,1.134
433.00,1.133
433.50,1.132
434.00,1.131
434.50,1.130
435.00,1.128
435.50,1.127
436.00,1.125
436.50,1.124
437.00,1.122
437.50,1.120
438.00,1.117
438.50,1.115
439.00,1.112
439.50,1.110
440.00,1.107
440.50,1.104
441.00,1.101
441.50,1.098
442.00,1.095
442.50,1.092
443.00,1.089
443.50,1.086
444.00,1.083
444.50,1.080
445.00,1.077
445.50,1.074
446.00,1.071
446.50,1.069
447.00,1.067
447.50,1.065
448.00,1.064
448.50,1.062
449.00,1.061
449.50,1.060
450.00,1.059
450.50,1.059
451.00,1.058
451.50,1.058
452.00,1.058
452.50,1.059
453.00,1.059
453.50,1.060
454.00,1.061
454.50,1.062
455.00,1.064
455.50,1.065
456.00,1.066
456.50,1.067
457.00,1.069
457.50,1.070
458.00,1.071
458.50,1.072
459.00,1.073
459.50,1.073
460.00,1.073
460.50,1.073
461.00,1.073
461.50,1.072
462.00,1.071
462.50,1.069
463.00,1.067
463.50,1.065
464.00,1.062
464.50,1.059
465.00,1.056
465.50,1.053
466.00,1.050
466.50,1.046
467.00,1.043
467.50,1.039
468.00,1.036
468.50,1.033
469.00,1.030
469.50,1.027
470.00,1.024
470.50,1.022
471.00,1.020
471.50,1.018
472.00,1.016
472.50,1.014
473.00,1.013
473.50,1.012
474.00,1.012
474.50,1.011
475.00,1.011
475.50,1.011
476.00,1.011
476.50,1.012
477.00,1.012
477.50,1.013
478.00,1.013
478.50,1.014
479.00,1.015
479.50,1.015
480.00,1.016
480.50,1.017
481.00,1.017
481.50,1.018
482.00,1.018
482.50,1.018
483.00,1.018
483.50,1.018
484.00,1.018
484.50,1.018
485.00,1.017
485.50,1.016
486.00,1.015
486.50,1.014
487.00,1.013
487.50,1.011
488.00,1.009
488.50,1.007
489.00,1.005
489.50,1.002
490.00,1.000
490.50,0.997
491.00,0.994
491.50,0.991
492.00,0.988
492.50,0.985
493.00,0.982
493.50,0.979
494.00,0.976
494.50,0.973
495.00,0.970
495.50,0.968
496.00,0.966
496.50,0.963
497.00,0.961
497.50,0.959
498.00,0.957
498.50,0.955
499.00,0.954
499.50,0.952
500.00,0.951
500.50,0.950
501.00,0.949
501.50,0.948
502.00,0.947
502.50,0.946
503.00,0.945
503.50,0.944
504.00,0.943
504.50,0.943
505.00,0.942
505.50,0.942
506.00,0.941
506.50,0.941
507.00,0.940
507.50,0.940
508.00,0.940
508.50,0.939
509.00,0.939
509.50,0.939
510.00,0.939
510.50,0.939
511.00,0.939
511.50,0.939
512.00,0.939
512.50,0.938
513.00,0.938
513.50,0.938
514.00,0.937
514.50,0.937
515.00,0.936
515.50,0.936
516.00,0.935
516.50,0.933
517.00,0.932
517.50,0.931
518.00,0.929
518.50,0.928
519.00,0.926
519.50,0.924
520.00,0.922
520.50,0.920
521.00,0.918
521.50,0.916
522.00,0.913
522.50,0.911
523.00,0.909
523.50,0.907
524.00,0.904
524.50,0.902
525.00,0.899
525.50,0.897
526.00,0.894
526.50,0.892
527.00,0.890
527.50,0.887
528.00,0.885
528.50,0.883
529.00,0.881
529.50,0.879
530.00,0.877
530.50,0.876
531.00,0.874
531.50,0.873
532.00,0.872
532.50,0.870
533.00,0.869
533.50,0.868
534.00,0.867
534.50,0.867
535.00,0.866
535.50,0.866
536.00,0.866
536.50,0.866
537.00,0.866
537.50,0.866
538.00,0.866
538.50,0.866
539.00,0.867
539.50,0.868
540.00,0.868
540.50,0.869
541.00,0.870
541.50,0.871
542.00,0.872
542.50,0.872
543.00,0.873
543.50,0.874
544.00,0.875
544.50,0.875
545.00,0.876
545.50,0.876
546.00,0.876
546.50,0.876
547.00,0.876
547.50,0.876
548.00,0.875
548.50,0.874
549.00,0.873
549.50,0.872
550.00,0.870
550.50,0.869
551.00,0.867
551.50,0.865
552.00,0.863
552.50,0.861
553.00,0.859
553.50,0.856
554.00,0.854
554.50,0.851
555.00,0.849
555.50,0.846
556.00,0.844
556.50,0.841
557.00,0.839
557.50,0.837
558.00,0.834
558.50,0.832
559.00,0.829
559.50,0.827
560.00,0.824
560.50,0.822
561.00,0.820
561.50,0.818
562.00,0.816
562.50,0.814
563.00,0.812
563.50,0.811
564.00,0.809
564.50,0.807
565.00,0.806
565.50,0.805
566.00,0.803
566.50,0.802
567.00,0.801
567.50,0.800
568.00,0.799
568.50,0.799
569.00,0.798
569.50,0.798
570.00,0.797
570.50,0.797
571.00,0.796
571.50,0.796
572.00,0.796
572.50,0.795
573.00,0.795
573.50,0.795
574.00,0.795
574.50,0.795
575.00,0.795
575.50,0.795
576.00,0.795
576.50,0.794
577.00,0.794
577.50,0.794
578.00,0.794
578.50,0.793
579.00,0.793
579.50,0.793
580.00,0.792
580.50,0.792
581.00,0.791
581.50,0.790
582.00,0.790
582.50,0.789
583.00,0.788
583.50,0.787
584.00,0.786
584.50,0.785
585.00,0.784
585.50,0.783
586.00,0.782
586.50,0.781
587.00,0.779
587.50,0.778
588.00,0.777
588.50,0.776
589.00,0.775
589.50,0.774
590.00,0.773
590.50,0.771
591.00,0.770
591.50,0.769
592.00,0.768
592.50,0.767
593.00,0.765
593.50,0.764
594.00,0.763
594.50,0.762
595.00,0.761
595.50,0.760
596.00,0.760
596.50,0.759
597.00,0.758
597.50,0.757
598.00,0.756
598.50,0.756
599.00,0.755
599.50,0.754
600.00,0.754
600.50,0.753
601.00,0.753
601.50,0.753
602.00,0.752
602.50,0.752
603.00,0.752
603.50,0.751
604.00,0.751
604.50,0.751
605.00,0.751
605.50,0.751
606.00,0.751
606.50,0.751
607.00,0.751
607.50,0.751
608.00,0.751
608.50,0.750
609.00,0.751
609.50,0.751
610.00,0.751
610.50,0.751
611.00,0.751
611.50,0.751
612.00,0.751
612.50,0.751
613.00,0.751
613.50,0.751
614.00,0.751
614.50,0.751
615.00,0.751
615.50,0.752
616.00,0.752
616.50,0.752
617.00,0.752
617.50,0.752
618.00,0.752
618.50,0.752
619.00,0.752
619.50,0.752
620.00,0.752
620.50,0.752
621.00,0.752
621.50,0.752
622.00,0.752
622.50,0.752
623.00,0.752
623.50,0.752
624.00,0.752
624.50,0.752
625.00,0.752
625.50,0.752
626.00,0.752
626.50,0.752
627.00,0.752
627.50,0.752
628.00,0.752
628.50,0.753
629.00,0.753
629.50,0.753
630.00,0.753
630.50,0.754
631.00,0.754
631.50,0.754
632.00,0.754
632.50,0.754
633.00,0.755
633.50,0.755
634.00,0.755
634.50,0.756
635.00,0.756
635.50,0.757
636.00,0.757
636.50,0.757
637.00,0.757
637.50,0.758
638.00,0.758
638.50,0.759
639.00,0.759
639.50,0.759
640.00,0.759
640.50,0.760
641.00,0.760
641.50,0.760
642.00,0.760
642.50,0.761
643.00,0.761
643.50,0.761
644.00,0.761
644.50,0.761
645.00,0.761
645.50,0.761
646.00,0.761
646.50,0.761
647.00,0.760
647.50,0.760
648.00,0.760
648.50,0.760
649.00,0.760
649.50,0.760
650.00,0.760
650.50,0.760
651.00,0.759
651.50,0.759
652.00,0.759
652.50,0.759
653.00,0.759
653.50,0.759
654.00,0.758
654.50,0.758
655.00,0.758
655.50,0.758
656.00,0.758
656.50,0.758
657.00,0.758
657.50,0.757
658.00,0.757
658.50,0.757
659.00,0.757
659.50,0.757
660.00,0.757
660.50,0.757
661.00,0.758
661.50,0.758
662.00,0.758
662.50,0.758
663.00,0.758
663.50,0.758
664.00,0.758
664.50,0.758
665.00,0.759
665.50,0.759
666.00,0.759
666.50,0.759
667.00,0.759
667.50,0.759
668.00,0.760
668.50,0.760
669.00,0.760
669.50,0.760
670.00,0.760
670.50,0.760
671.00,0.760
671.50,0.760
672.00,0.760
672.50,0.760
673.00,0.760
673.50,0.760
674.00,0.760
674.50,0.761
675.00,0.761
675.50,0.761
676.00,0.761
676.50,0.761
677.00,0.761
677.50,0.761
678.00,0.762
678.50,0.762
679.00,0.762
679.50,0.763
680.00,0.763
680.50,0.763
681.00,0.764
681.50,0.764
682.00,0.764
682.50,0.765
683.00,0.765
683.50,0.765
684.00,0.766
684.50,0.766
685.00,0.767
685.50,0.767
686.00,0.767
686.50,0.767
687.00,0.768
687.50,0.768
688.00,0.769
688.50,0.769
689.00,0.769
689.50,0.769
690.00,0.769
690.50,0.769
691.00,0.769
691.50,0.768
692.00,0.768
692.50,0.768
693.00,0.768
693.50,0.767
694.00,0.767
694.50,0.766
695.00,0.766
695.50,0.765
696.00,0.764
696.50,0.763
697.00,0.763
697.50,0.761
698.00,0.760
698.50,0.759
699.00,0.758
699.50,0.758
700.00,0.756
700.50,0.755
701.00,0.754
701.50,0.753
702.00,0.751
702.50,0.750
703.00,0.748
703.50,0.746
704.00,0.745
704.50,0.744
705.00,0.742
705.50,0.741
706.00,0.739
706.50,0.738
707.00,0.736
707.50,0.735
708.00,0.734
708.50,0.732
709.00,0.731
709.50,0.730
710.00,0.728
710.50,0.727
711.00,0.726
711.50,0.726
712.00,0.725
712.50,0.724
713.00,0.723
713.50,0.722
714.00,0.722
714.50,0.721
715.00,0.720
715.50,0.720
716.00,0.719
716.50,0.719
717.00,0.718
717.50,0.718
718.00,0.717
718.50,0.717
719.00,0.716
719.50,0.716
720.00,0.716
720.50,0.715
721.00,0.715
721.50,0.715
722.00,0.714
722.50,0.714
723.00,0.714
723.50,0.713
724.00,0.713
724.50,0.712
725.00,0.712
725.50,0.712
726.00,0.711
726.50,0.711
727.00,0.710
727.50,0.710
728.00,0.710
728.50,0.709
729.00,0.709
729.50,0.708
730.00,0.708
730.50,0.707
731.00,0.707
731.50,0.706
732.00,0.706
732.50,0.705
733.00,0.705
733.50,0.704
734.00,0.703
734.50,0.703
735.00,0.702
735.50,0.701
736.00,0.701
736.50,0.700
737.00,0.699
737.50,0.698
738.00,0.697
738.50,0.696
739.00,0.695
739.50,0.694
740.00,0.693
740.50,0.692
741.00,0.691
741.50,0.689
742.00,0.688
742.50,0.687
743.00,0.685
743.50,0.684
744.00,0.682
744.50,0.681
745.00,0.680
745.50,0.679
746.00,0.677
746.50,0.676
747.00,0.674
747.50,0.673
748.00,0.671
748.50,0.670
749.00,0.669
749.50,0.667
750.00,0.666
750.50,0.664
751.00,0.663
751.50,0.661
752.00,0.660
752.50,0.659
753.00,0.657
753.50,0.656
754.00,0.654
754.50,0.653
755.00,0.651
755.50,0.650
756.00,0.649
756.50,0.648
757.00,0.646
757.50,0.645
758.00,0.644
758.50,0.643
759.00,0.642
759.50,0.640
760.00,0.639
760.50,0.638
761.00,0.637
761.50,0.636
762.00,0.635
762.50,0.634
763.00,0.633
763.50,0.632
764.00,0.631
764.50,0.630
765.00,0.630
765.50,0.629
766.00,0.628
766.50,0.627
767.00,0.626
767.50,0.626
768.00,0.625
768.50,0.624
769.00,0.623
769.50,0.623
770.00,0.622
770.50,0.621
771.00,0.620
771.50,0.620
772.00,0.619
772.50,0.618
773.00,0.618
773.50,0.617
774.00,0.617
774.50,0.616
775.00,0.615
775.50,0.615
776.00,0.614
776.50,0.614
777.00,0.613
777.50,0.612
778.00,0.612
778.50,0.611
779.00,0.611
779.50,0.610
780.00,0.609
780.50,0.609
781.00,0.608
781.50,0.608
782.00,0.607
782.50,0.607
783.00,0.606
783.50,0.605
784.00,0.605
784.50,0.604
785.00,0.603
785.50,0.603
786.00,0.602
786.50,0.602
787.00,0.601
787.50,0.601
788.00,0.600
788.50,0.600
789.00,0.599
789.50,0.599
790.00,0.598
790.50,0.597
791.00,0.597
791.50,0.596
792.00,0.596
792.50,0.595
793.00,0.595
793.50,0.594
794.00,0.594
794.50,0.594
795.00,0.593
795.50,0.592
796.00,0.592
796.50,0.592
797.00,0.591
797.50,0.591
798.00,0.590
798.50,0.590
799.00,0.590
799.50,0.589
800.00,0.589
800.50,0.588
801.00,0.588
801.50,0.588
802.00,0.588
802.50,0.587
803.00,0.587
803.50,0.586
804.00,0.586
804.50,0.586
805.00,0.586
805.50,0.586
806.00,0.585
806.50,0.585
807.00,0.585
807.50,0.584
808.00,0.584
808.50,0.584
809.00,0.584
809.50,0.583
810.00,0.583
810.50,0.583
811.00,0.583
811.50,0.583
812.00,0.583
812.50,0.583
813.00,0.583
813.50,0.583
814.00,0.583
814.50,0.582
815.00,0.582
815.50,0.582
816.00,0.582
816.50,0.582
817.00,0.582
817.50,0.582
818.00,0.582
818.50,0.582
819.00,0.582
819.50,0.582
820.00,0.582
820.50,0.582
821.00,0.582
821.50,0.582
822.00,0.582
822.50,0.582
823.00,0.582
823.50,0.582
824.00,0.582
824.50,0.582
825.00,0.582
825.50,0.582
826.00,0.582
826.50,0.582
827.00,0.582
827.50,0.582
828.00,0.582
828.50,0.582
829.00,0.582
829.50,0.582
830.00,0.582
830.50,0.585
831.00,0.585
831.50,0.585
832.00,0.585
832.50,0.585
833.00,0.585
833.50,0.585
834.00,0.585
834.50,0.586
835.00,0.586
835.50,0.586
836.00,0.586
836.50,0.586
837.00,0.587
837.50,0.587
838.00,0.587
838.50,0.588
839.00,0.588
839.50,0.588
840.00,0.588
840.50,0.589
841.00,0.589
841.50,0.589
842.00,0.590
842.50,0.590
843.00,0.590
843.50,0.591
844.00,0.591
844.50,0.592
845.00,0.592
845.50,0.592
846.00,0.593
846.50,0.593
847.00,0.594
847.50,0.594
848.00,0.594
848.50,0.594
849.00,0.595
849.50,0.595
850.00,0.596
850.50,0.596
851.00,0.597
851.50,0.597
852.00,0.597
852.50,0.598
853.00,0.598
853.50,0.599
854.00,0.599
854.50,0.599
855.00,0.600
855.50,0.600
856.00,0.601
856.50,0.601
857.00,0.602
857.50,0.602
858.00,0.603
858.50,0.603
859.00,0.604
859.50,0.604
860.00,0.605
860.50,0.605
861.00,0.606
861.50,0.606
862.00,0.606
862.50,0.607
863.00,0.607
863.50,0.608
864.00,0.608
864.50,0.609
865.00,0.609
865.50,0.610
866.00,0.610
866.50,0.611
867.00,0.611
867.50,0.612
868.00,0.612
868.50,0.613
869.00,0.613
869.50,0.614
870.00,0.614
870.50,0.615
871.00,0.615
871.50,0.616
872.00,0.617
872.50,0.617
873.00,0.618
873.50,0.618
874.00,0.619
874.50,0.620
875.00,0.620
875.50,0.621
876.00,0.622
876.50,0.622
877.00,0.623
877.50,0.624
878.00,0.625
878.50,0.626
879.00,0.626
879.50,0.627
880.00,0.628
880.50,0.629
881.00,0.630
881.50,0.631
882.00,0.632
882.50,0.632
883.00,0.633
883.50,0.634
884.00,0.635
884.50,0.636
885.00,0.637
885.50,0.638
886.00,0.639
886.50,0.640
887.00,0.641
887.50,0.642
888.00,0.643
888.50,0.644
889.00,0.645
889.50,0.646
890.00,0.647
890.50,0.648
891.00,0.649
891.50,0.650
892.00,0.651
892.50,0.652
893.00,0.653
893.50,0.654
894.00,0.655
894.50,0.656
895.00,0.657
895.50,0.658
896.00,0.659
896.50,0.660
897.00,0.661
897.50,0.662
898.00,0.663
898.50,0.664
899.00,0.665
899.50,0.666
900.00,0.667
900.50,0.668
901.00,0.669
901.50,0.670
902.00,0.671
902.50,0.672
903.00,0.673
903.50,0.674
904.00,0.675
904.50,0.676
905.00,0.676
905.50,0.677
906.00,0.678
906.50,0.679
907.00,0.680
907.50,0.681
908.00,0.682
908.50,0.683
909.00,0.684
909.50,0.685
910.00,0.685
910.50,0.686
911.00,0.687
911.50,0.688
912.00,0.689
912.50,0.690
913.00,0.691
913.50,0.692
914.00,0.693
914.50,0.694
915.00,0.694
915.50,0.695
916.00,0.696
916.50,0.697
917.00,0.698
917.50,0.699
918.00,0.700
918.50,0.701
919.00,0.702
919.50,0.703
920.00,0.704
920.50,0.705
921.00,0.706
921.50,0.707
922.00,0.708
922.50,0.710
923.00,0.711
923.50,0.712
924.00,0.713
924.50,0.714
925.00,0.715
925.50,0.716
926.00,0.717
926.50,0.718
927.00,0.719
927.50,0.721
928.00,0.722
928.50,0.723
929.00,0.724
929.50,0.725
930.00,0.726
930.50,0.727
931.00,0.728
931.50,0.729
932.00,0.730
932.50,0.731
933.00,0.732
933.50,0.733
934.00,0.734
934.50,0.735
935.00,0.736
935.50,0.737
936.00,0.738
936.50,0.739
937.00,0.740
937.50,0.741
938.00,0.741
938.50,0.742
939.00,0.743
939.50,0.744
940.00,0.744
940.50,0.745
941.00,0.746
941.50,0.746
942.00,0.747
942.50,0.747
943.00,0.748
943.50,0.749
944.00,0.749
944.50,0.750
945.00,0.750
945.50,0.751
946.00,0.751
946.50,0.751
947.00,0.752
947.50,0.752
948.00,0.753
948.50,0.753
949.00,0.753
949.50,0.754
950.00,0.754
950.50,0.755
951.00,0.755
951.50,0.755
952.00,0.756
952.50,0.756
953.00,0.757
953.50,0.757
954.00,0.757
954.50,0.758
955.00,0.758
955.50,0.759
956.00,0.759
956.50,0.760
957.00,0.761
957.50,0.761
958.00,0.762
958.50,0.762
959.00,0.763
959.50,0.763
960.00,0.764
960.50,0.765
961.00,0.765
961.50,0.766
962.00,0.767
962.50,0.767
963.00,0.768
963.50,0.768
964.00,0.769
964.50,0.770
965.00,0.770
965.50,0.771
966.00,0.772
966.50,0.772
967.00,0.773
967.50,0.774
968.00,0.774
968.50,0.775
969.00,0.776
969.50,0.776
970.00,0.777
970.50,0.778
971.00,0.778
971.50,0.779
972.00,0.779
972.50,0.780
973.00,0.780
973.50,0.781
974.00,0.781
974.50,0.782
975.00,0.782
975.50,0.783
976.00,0.783
976.50,0.784
977.00,0.784
977.50,0.785
978.00,0.785
978.50,0.786
979.00,0.786
979.50,0.786
980.00,0.787
980.50,0.787
981.00,0.787
981.50,0.788
982.00,0.788
982.50,0.788
983.00,0.788
983.50,0.789
984.00,0.789
984.50,0.789
985.00,0.789
985.50,0.789
986.00,0.789
986.50,0.789
987.00,0.790
987.50,0.790
988.00,0.790
988.50,0.790
989.00,0.790
989.50,0.790
990.00,0.790
990.50,0.790
991.00,0.790
991.50,0.790
992.00,0.790
992.50,0.790
993.00,0.790
993.50,0.790
994.00,0.790
994.50,0.790
995.00,0.790
995.50,0.790
996.00,0.789
996.50,0.789
997.00,0.789
997.50,0.789
998.00,0.789
998.50,0.789
999.00,0.789
999.50,0.789
1000.00,0.789
1000.50,0.788
1001.00,0.788
1001.50,0.788
1002.00,0.788
1002.50,0.788
1003.00,0.787
1003.50,0.787
1004.00,0.787
1004.50,0.787
1005.00,0.786
1005.50,0.786
1006.00,0.786
1006.50,0.785
1007.00,0.785
1007.50,0.784
1008.00,0.784
1008.50,0.783
1009.00,0.783
1009.50,0.782
1010.00,0.782
1010.50,0.781
1011.00,0.781
1011.50,0.780
1012.00,0.779
1012.50,0.779
1013.00,0.778
1013.50,0.777
1014.00,0.776
1014.50,0.775
1015.00,0.775
1015.50,0.774
1016.00,0.773
1016.50,0.772
1017.00,0.771
1017.50,0.770
1018.00,0.769
1018.50,0.768
1019.00,0.767
1019.50,0.766
1020.00,0.764
1020.50,0.763
1021.00,0.762
1021.50,0.761
1022.00,0.759
1022.50,0.758
1023.00,0.757
1023.50,0.755
1024.00,0.754
1024.50,0.753
1025.00,0.751
1025.50,0.750
1026.00,0.749
1026.50,0.747
1027.00,0.746
1027.50,0.744
1028.00,0.743
1028.50,0.742
1029.00,0.740
1029.50,0.739
1030.00,0.737
1030.50,0.736
1031.00,0.734
1031.50,0.733
1032.00,0.732
1032.50,0.730
1033.00,0.729
1033.50,0.727
1034.00,0.726
1034.50,0.724
1035.00,0.723
1035.50,0.721
1036.00,0.720
1036.50,0.719
1037.00,0.717
1037.50,0.716
1038.00,0.714
1038.50,0.713
1039.00,0.711
1039.50,0.710
1040.00,0.709
1040.50,0.707
1041.00,0.706
1041.50,0.705
1042.00,0.703
1042.50,0.702
1043.00,0.701
1043.50,0.700
1044.00,0.698
1044.50,0.697
1045.00,0.696
1045.50,0.695
1046.00,0.694
1046.50,0.693
1047.00,0.692
1047.50,0.690
1048.00,0.689
1048.50,0.688
1049.00,0.687
1049.50,0.686
1050.00,0.685
1050.50,0.684
1051.00,0.683
1051.50,0.682
1052.00,0.681
1052.50,0.680
1053.00,0.679
1053.50,0.678
1054.00,0.677
1054.50,0.676
1055.00,0.675
1055.50,0.674
1056.00,0.673
1056.50,0.673
1057.00,0.672
1057.50,0.671
1058.00,0.670
1058.50,0.669
1059.00,0.668
1059.50,0.667
1060.00,0.666
1060.50,0.665
1061.00,0.664
1061.50,0.663
1062.00,0.662
1062.50,0.661
1063.00,0.660
1063.50,0.659
1064.00,0.658
1064.50,0.657
1065.00,0.656
1065.50,0.655
1066.00,0.654
1066.50,0.653
1067.00,0.652
1067.50,0.651
1068.00,0.650
1068.50,0.648
1069.00,0.647
1069.50,0.646
1070.00,0.645
1070.50,0.644
1071.00,0.643
1071.50,0.642
1072.00,0.640
1072.50,0.639
1073.00,0.638
1073.50,0.637
1074.00,0.636
1074.50,0.635
1075.00,0.633
1075.50,0.632
1076.00,0.631
1076.50,0.629
1077.00,0.628
1077.50,0.627
1078.00,0.626
1078.50,0.624
1079.00,0.623
1079.50,0.622
1080.00,0.620
1080.50,0.619
1081.00,0.617
1081.50,0.616
1082.00,0.615
1082.50,0.613
1083.00,0.612
1083.50,0.610
1084.00,0.609
1084.50,0.607
1085.00,0.605
1085.50,0.604
1086.00,0.603
1086.50,0.601
1087.00,0.600
1087.50,0.598
1088.00,0.597
1088.50,0.595
1089.00,0.594
1089.50,0.593
1090.00,0.591
1090.50,0.590
1091.00,0.588
1091.50,0.587
1092.00,0.585
1092.50,0.584
1093.00,0.582
1093.50,0.581
1094.00,0.579
1094.50,0.578
1095.00,0.576
1095.50,0.575
1096.00,0.573
1096.50,0.572
1097.00,0.570
1097.50,0.569
1098.00,0.567
1098.50,0.566
1099.00,0.564
1099.50,0.563
1100.00,0.562
1100.50,0.560
1101.00,0.559
1101.50,0.557
1102.00,0.556
1102.50,0.555
1103.00,0.553
1103.50,0.552
1104.00,0.550
1104.50,0.549
1105.00,0.548
1105.50,0.546
1106.00,0.545
1106.50,0.544
1107.00,0.542
1107.50,0.541
1108.00,0.540
1108.50,0.538
1109.00,0.537
1109.50,0.536
1110.00,0.535
1110.50,0.533
1111.00,0.532
1111.50,0.531
1112.00,0.530
1112.50,0.528
1113.00,0.527
1113.50,0.526
1114.00,0.525
1114.50,0.524
1115.00,0.522
1115.50,0.521
1116.00,0.520
1116.50,0.519
1117.00,0.518
1117.50,0.517
1118.00,0.516
1118.50,0.515
1119.00,0.514
1119.50,0.513
1120.00,0.511
1120.50,0.510
1121.00,0.509
1121.50,0.508
1122.00,0.507
1122.50,0.507
1123.00,0.506
1123.50,0.505
1124.00,0.504
1124.50,0.503
1125.00,0.502
1125.50,0.501
1126.00,0.500
1126.50,0.499
1127.00,0.498
1127.50,0.497
1128.00,0.496
1128.50,0.495
1129.00,0.494
1129.50,0.494
1130.00,0.493
1130.50,0.492
1131.00,0.491
1131.50,0.490
1132.00,0.489
1132.50,0.488
1133.00,0.488
1133.50,0.487
1134.00,0.486
1134.50,0.485
1135.00,0.485
1135.50,0.484
1136.00,0.483
1136.50,0.483
1137.00,0.482
1137.50,0.481
1138.00,0.481
1138.50,0.480
1139.00,0.479
1139.50,0.479
1140.00,0.478
1140.50,0.478
1141.00,0.477
1141.50,0.476
1142.00,0.476
1142.50,0.475
1143.00,0.474
1143.50,0.474
1144.00,0.473
1144.50,0.473
1145.00,0.472
1145.50,0.472
1146.00,0.471
1146.50,0.471
1147.00,0.470
1147.50,0.469
1148.00,0.469
1148.50,0.468
1149.00,0.467
1149.50,0.467
1150.00,0.466
1150.50,0.466
1151.00,0.465
1151.50,0.464
1152.00,0.463
1152.50,0.463
1153.00,0.462
1153.50,0.461
1154.00,0.460
1154.50,0.459
1155.00,0.459
1155.50,0.458
1156.00,0.457
1156.50,0.456
1157.00,0.455
1157.50,0.454
1158.00,0.453
1158.50,0.452
1159.00,0.451
1159.50,0.450
1160.00,0.449
1160.50,0.448
1161.00,0.447
1161.50,0.446
1162.00,0.445
1162.50,0.444
1163.00,0.443
1163.50,0.442
1164.00,0.441
1164.50,0.440
1165.00,0.439
1165.50,0.438
1166.00,0.437
1166.50,0.436
1167.00,0.435
1167.50,0.434
1168.00,0.433
1168.50,0.432
1169.00,0.431
1169.50,0.430
1170.00,0.429
1170.50,0.428
1171.00,0.427
1171.50,0.426
1172.00,0.425
1172.50,0.425
1173.00,0.424
1173.50,0.423
1174.00,0.422
1174.50,0.421
1175.00,0.420
1175.50,0.419
1176.00,0.418
1176.50,0.417
1177.00,0.416
1177.50,0.416
1178.00,0.415
1178.50,0.414
1179.00,0.413
1179.50,0.412
1180.00,0.412
1180.50,0.411
1181.00,0.410
1181.50,0.409
1182.00,0.408
1182.50,0.408
1183.00,0.407
1183.50,0.406
1184.00,0.405
1184.50,0.404
1185.00,0.404
1185.50,0.403
1186.00,0.402
1186.50,0.401
1187.00,0.400
1187.50,0.400
1188.00,0.399
1188.50,0.398
1189.00,0.398
1189.50,0.397
1190.00,0.396
1190.50,0.395
1191.00,0.395
1191.50,0.394
1192.00,0.393
1192.50,0.393
1193.00,0.392
1193.50,0.391
1194.00,0.391
1194.50,0.390
1195.00,0.390
1195.50,0.389
1196.00,0.388
1196.50,0.388
1197.00,0.387
1197.50,0.386
1198.00,0.386
1198.50,0.385
1199.00,0.384
1199.50,0.384
1200.00,0.383
1200.50,0.383
1201.00,0.382
1201.50,0.382
1202.00,0.381
1202.50,0.380
1203.00,0.380
1203.50,0.379
1204.00,0.379
1204.50,0.378
1205.00,0.378
1205.50,0.377
1206.00,0.377
1206.50,0.376
1207.00,0.376
1207.50,0.375
1208.00,0.375
1208.50,0.374
1209.00,0.374
1209.50,0.373
1210.00,0.373
1210.50,0.372
1211.00,0.372
1211.50,0.371
1212.00,0.371
1212.50,0.370
1213.00,0.370
1213.50,0.369
1214.00,0.369
1214.50,0.368
1215.00,0.368
1215.50,0.368
1216.00,0.367
1216.50,0.367
1217.00,0.366
1217.50,0.366
1218.00,0.366
1218.50,0.365
1219.00,0.365
1219.50,0.365
1220.00,0.364
1220.50,0.364
1221.00,0.363
1221.50,0.363
1222.00,0.363
1222.50,0.362
1223.00,0.362
1223.50,0.362
1224.00,0.361
1224.50,0.361
1225.00,0.361
1225.50,0.361
1226.00,0.360
1226.50,0.360
1227.00,0.360
1227.50,0.359
1228.00,0.359
1228.50,0.359
1229.00,0.359
1229.50,0.358
1230.00,0.358
1230.50,0.358
1231.00,0.358
1231.50,0.357
1232.00,0.357
1232.50,0.357
1233.00,0.357
1233.50,0.357
1234.00,0.356
1234.50,0.356
1235.00,0.356
1235.50,0.356
1236.00,0.356
1236.50,0.355
1237.00,0.355
1237.50,0.355
1238.00,0.355
1238.50,0.355
1239.00,0.355
1239.50,0.354
1240.00,0.354
1240.50,0.354
1241.00,0.354
1241.50,0.354
1242.00,0.354
1242.50,0.354
1243.00,0.353
1243.50,0.353
1244.00,0.353
1244.50,0.353
1245.00,0.353
1245.50,0.353
1246.00,0.353
1246.50,0.353
1247.00,0.353
1247.50,0.352
1248.00,0.352
1248.50,0.352
1249.00,0.352
1249.50,0.352
1250.00,0.352
1250.50,0.352
1251.00,0.352
1251.50,0.352
1252.00,0.352
1252.50,0.352
1253.00,0.352
1253.50,0.352
1254.00,0.352
1254.50,0.352
1255.00,0.352
1255.50,0.352
1256.00,0.352
1256.50,0.352
1257.00,0.352
1257.50,0.352
1258.00,0.352
1258.50,0.352
1259.00,0.352
1259.50,0.352
1260.00,0.352
1260.50,0.352
1261.00,0.352
1261.50,0.352
1262.00,0.352
1262.50,0.352
1263.00,0.352
1263.50,0.352
1264.00,0.352
1264.50,0.352
1265.00,0.352
1265.50,0.352
1266.00,0.352
1266.50,0.352
1267.00,0.352
1267.50,0.352
1268.00,0.352
1268.50,0.352
1269.00,0.352
1269.50,0.352
1270.00,0.352
1270.50,0.353
1271.00,0.353
1271.50,0.353
1272.00,0.353
1272.50,0.353
1273.00,0.353
1273.50,0.353
1274.00,0.353
1274.50,0.353
1275.00,0.353
1275.50,0.353
1276.00,0.353
1276.50,0.354
1277.00,0.354
1277.50,0.354
1278.00,0.354
1278.50,0.354
1279.00,0.354
1279.50,0.354
1280.00,0.354
1280.50,0.354
1281.00,0.354
1281.50,0.354
1282.00,0.355
1282.50,0.355
1283.00,0.355
1283.50,0.355
1284.00,0.355
1284.50,0.355
1285.00,0.355
1285.50,0.355
1286.00,0.355
1286.50,0.356
1287.00,0.356
1287.50,0.356
1288.00,0.356
1288.50,0.356
1289.00,0.356
1289.50,0.356
1290.00,0.356
1290.50,0.356
1291.00,0.357
1291.50,0.357
1292.00,0.357
1292.50,0.357
1293.00,0.357
1293.50,0.357
1294.00,0.357
1294.50,0.358
1295.00,0.358
1295.50,0.358
1296.00,0.358
1296.50,0.358
1297.00,0.358
1297.50,0.358
1298.00,0.359
1298.50,0.359
1299.00,0.359
1299.50,0.359
1300.00,0.359
1300.50,0.359
1301.00,0.360
1301.50,0.360
1302.00,0.360
1302.50,0.360
1303.00,0.360
1303.50,0.360
1304.00,0.361
1304.50,0.361
1305.00,0.361
1305.50,0.361
1306.00,0.361
1306.50,0.362
1307.00,0.362
1307.50,0.362
1308.00,0.362
1308.50,0.363
1309.00,0.363
1309.50,0.363
1310.00,0.363
1310.50,0.363
1311.00,0.364
1311.50,0.364
1312.00,0.364
1312.50,0.364
1313.00,0.365
1313.50,0.365
1314.00,0.365
1314.50,0.365
1315.00,0.366
1315.50,0.366
1316.00,0.366
1316.50,0.366
1317.00,0.367
1317.50,0.367
1318.00,0.367
1318.50,0.368
1319.00,0.368
1319.50,0.368
1320.00,0.369
1320.50,0.369
1321.00,0.369
1321.50,0.370
1322.00,0.370
1322.50,0.370
1323.00,0.371
1323.50,0.371
1324.00,0.371
1324.50,0.372
1325.00,0.372
1325.50,0.373
1326.00,0.373
1326.50,0.373
1327.00,0.374
1327.50,0.374
1328.00,0.374
1328.50,0.375
1329.00,0.375
1329.50,0.376
1330.00,0.376
1330.50,0.376
1331.00,0.377
1331.50,0.377
1332.00,0.377
1332.50,0.378
1333.00,0.378
1333.50,0.379
1334.00,0.379
1334.50,0.379
1335.00,0.380
1335.50,0.380
1336.00,0.381
1336.50,0.381
1337.00,0.382
1337.50,0.382
1338.00,0.382
1338.50,0.383
1339.00,0.383
1339.50,0.384
1340.00,0.384
1340.50,0.385
1341.00,0.385
1341.50,0.386
1342.00,0.386
1342.50,0.387
1343.00,0.387
1343.50,0.388
1344.00,0.388
1344.50,0.389
1345.00,0.389
1345.50,0.390
1346.00,0.390
1346.50,0.391
1347.00,0.391
1347.50,0.392
1348.00,0.392
1348.50,0.393
1349.00,0.394
1349.50,0.394
1350.00,0.395
1350.50,0.395
1351.00,0.396
1351.50,0.397
1352.00,0.397
1352.50,0.398
1353.00,0.399
1353.50,0.399
1354.00,0.400
1354.50,0.401
1355.00,0.401
1355.50,0.402
1356.00,0.402
1356.50,0.403
1357.00,0.404
1357.50,0.405
1358.00,0.405
1358.50,0.406
1359.00,0.407
1359.50,0.408
1360.00,0.408
1360.50,0.409
1361.00,0.410
1361.50,0.410
1362.00,0.411
1362.50,0.412
1363.00,0.413
1363.50,0.414
1364.00,0.415
1364.50,0.416
1365.00,0.416
1365.50,0.417
1366.00,0.418
1366.50,0.419
1367.00,0.420
1367.50,0.421
1368.00,0.422
1368.50,0.423
1369.00,0.423
1369.50,0.425
1370.00,0.425
1370.50,0.426
1371.00,0.427
1371.50,0.428
1372.00,0.429
1372.50,0.430
1373.00,0.432
1373.50,0.433
1374.00,0.433
1374.50,0.434
1375.00,0.435
1375.50,0.435
1376.00,0.436
1376.50,0.436
1377.00,0.437
1377.50,0.437
1378.00,0.437
1378.50,0.438
1379.00,0.439
1379.50,0.439
1380.00,0.438
1380.50,0.437
1381.00,0.437
1381.50,0.437
1382.00,0.435
1382.50,0.434
1383.00,0.434
1383.50,0.434
1384.00,0.434
1384.50,0.433
1385.00,0.432
1385.50,0.430
1386.00,0.430
1386.50,0.432
1387.00,0.432
1387.50,0.431
1388.00,0.428
1388.50,0.428
1389.00,0.429
1389.50,0.430
1390.00,0.429
1390.50,0.429
1391.00,0.431
1391.50,0.433
1392.00,0.433
1392.50,0.434
1393.00,0.434
1393.50,0.434
1394.00,0.431
1394.50,0.428
1395.00,0.429
1395.50,0.428
1396.00,0.430
1396.50,0.431
1397.00,0.434
1397.50,0.431
1398.00,0.431
1398.50,0.429
1399.00,0.437
1399.50,0.437
1400.00,0.439
